.Random.seed <-
c(10403L, 137L, 719966155L, -643110833L, -621098131L, 824328341L, 
73767525L, -1487505370L, -1802598545L, 1245502733L, -435691895L, 
-363339913L, -1152146092L, 743988939L, 1847861186L, -165195045L, 
-1912906617L, -34827070L, -690546173L, 1916489301L, 1017356001L, 
-183525584L, 1794014460L, 895156423L, 1010282396L, -884382543L, 
1852776369L, -836995609L, -182392738L, 2054357722L, 373024779L, 
251068135L, -2125730142L, 189494014L, 1647598751L, -846627140L, 
-1536950825L, -1332017334L, 696381804L, 1255426628L, 1637980086L, 
-1040852246L, 652452494L, 516022519L, 1037790757L, 84703169L, 
-1349362010L, 1941048676L, -1847745960L, -1732851532L, 1758709681L, 
744863156L, 539001942L, 520657647L, 532680647L, -1887442285L, 
1819194879L, 1520236869L, 2081782412L, -1785715196L, -651929327L, 
483206932L, 1008931745L, 846563147L, -1828431411L, 1596531760L, 
-1425061943L, 1627574890L, 1661562073L, -1162858563L, -497982349L, 
190984972L, 674165408L, 1376838331L, -1304651208L, 1551694640L, 
1273861520L, -108702923L, 361979227L, -1932168781L, -1761606208L, 
1378070766L, 139947163L, -1630683938L, 1722002214L, -1808833349L, 
1679298984L, -54041948L, -2085581410L, -862593084L, 1449241764L, 
-60583015L, -1528707465L, 525066953L, -119692541L, 1321287511L, 
-821619939L, -472148916L, 705663654L, -1585068217L, 175193457L, 
-709351981L, -1181095677L, 1717011786L, -2139759671L, 1256666301L, 
-1345801202L, 553556361L, 1487073162L, 1206378510L, 1022715018L, 
452228848L, 1500763506L, -1220393035L, -1537624869L, 813190480L, 
1770810215L, 1230560617L, -1388604835L, -28917988L, -1374020402L, 
578693809L, -532119476L, -298152413L, -1786681546L, 2049179229L, 
38219207L, -2063968387L, -1842131326L, -579873161L, -808791984L, 
-880910299L, 1713629180L, -1796511852L, 572390657L, -1136493392L, 
1270061540L, 144221272L, -742332407L, -400841993L, -452248205L, 
-1132911564L, -937601932L, 1916843737L, -1230275127L, -1531511808L, 
-2115759906L, 1907830492L, 834995485L, 2042865685L, -255292855L, 
130315265L, 1155985684L, -1216252617L, -570233839L, 711367838L, 
179823964L, -212722201L, -486206595L, -1579192170L, -1261314844L, 
1623979774L, 145073743L, -47508202L, 1011245823L, -1816372238L, 
-1166231219L, 1736519156L, -656744733L, -760789585L, 1750324473L, 
-653193371L, 914888236L, 1224437775L, -1064878774L, 74349157L, 
-560804231L, 1320176793L, 1103815790L, -1640564753L, 620653887L, 
1126053574L, -2016530640L, 1566768969L, 628657977L, -1985844167L, 
2048932043L, -84121691L, -1059011352L, -703482108L, -837799366L, 
-1320736924L, -933736784L, -1841966962L, 921242419L, -1972813705L, 
621498541L, 540382337L, 1982033406L, -974859009L, -569194833L, 
1994855996L, 2094825843L, -2000990720L, -111452078L, 1592774169L, 
-404052256L, -194306294L, -1909763833L, 1584448629L, 1966443897L, 
-273262453L, 2026101966L, -140855163L, 1270807590L, -2003668582L, 
1479558487L, -1588477592L, 2092410458L, 758967934L, -1962432543L, 
2123858993L, -1627528619L, 1816527477L, 1959238425L, -819496872L, 
1881505882L, 1699664609L, 203619387L, -1398413055L, -1196972669L, 
392649721L, 653921999L, -763264882L, -2083226704L, -727779153L, 
1522332412L, 1946973317L, 1844221821L, -357771954L, 19506179L, 
-1692830231L, -139098998L, 2048441700L, -833003615L, -1402861871L, 
-1951507195L, 206081911L, 275888065L, -1450064616L, 441617375L, 
-1392259991L, 481886928L, -1562165346L, 1169108419L, -210942633L, 
1852011913L, -1311982538L, -1140960332L, 97513057L, 1881507671L, 
-644111052L, -190029611L, -1153978636L, 1787786886L, 41985240L, 
1948571619L, -1912137846L, 1980902623L, 317502504L, -877403366L, 
131345039L, 1713951805L, -177333197L, -1144067419L, -236741685L, 
1696183594L, -203574556L, -1490632498L, 2073244659L, 1751268716L, 
-873476332L, -1671047028L, -993290194L, -1395399112L, 1197534840L, 
1728838265L, -2122853135L, -1572323537L, -1007683237L, -1305534346L, 
-1569321341L, 1537153392L, -1128955511L, -510109131L, 994086467L, 
-394878764L, 1477869917L, -1797543298L, 736505272L, -346443083L, 
1111934585L, -764900897L, -1768519210L, -543985682L, -1109178246L, 
-2040770125L, -435773353L, 928319173L, 1725094545L, 132559284L, 
-1563862065L, -349371051L, 356799707L, -136098106L, 1626458865L, 
-1418341119L, -1568052147L, 409107947L, -1365582534L, -928865764L, 
1807266550L, -615359791L, -1659358572L, -1994143332L, -819773003L, 
1673369012L, -871091371L, 1319302799L, 1739307062L, -211981090L, 
1475967964L, -1517849306L, 685697616L, -347051912L, -1468455602L, 
26141305L, 2129742557L, 1806916382L, 904592702L, -1654845404L, 
1568831455L, 886480543L, -1942046464L, -1392653877L, -1548705940L, 
1563658018L, -581178941L, 1717139792L, -147667690L, 1195629762L, 
131095037L, 1108999361L, -665074689L, 2085593460L, 270313986L, 
1253605024L, 971542814L, 1374440368L, -1086697181L, -1250615445L, 
-996675840L, 1857775461L, 896214742L, 163677525L, -1185067209L, 
799682203L, -1255224286L, -1558693103L, -1523453173L, 1732347699L, 
135796106L, 80230984L, 969945778L, -72404483L, -1174034573L, 
1325375539L, 425559751L, 1962681408L, 450230736L, -951955756L, 
1380865698L, -653786838L, -368362029L, -1272059438L, -1284910737L, 
-427396786L, -1638268852L, 1474869471L, -1510953244L, 1484875439L, 
-1693527239L, -121202689L, -1476830574L, -1824403505L, -1470937450L, 
704744483L, -1299255908L, 1805935318L, 1799340991L, -1169819714L, 
1716212694L, -1952835902L, -1040395657L, 119732053L, -514760573L, 
1645391722L, -1144932081L, 1558666680L, -814177468L, -288535585L, 
178002709L, 611014753L, 1469627161L, 1255090752L, 1050310808L, 
-37750146L, 2121035465L, -1503852894L, 1577390454L, 519155880L, 
918897500L, -406382243L, -1659915268L, -262317479L, 1056294977L, 
551440505L, -1963539877L, 1869980329L, 490114881L, 1608006886L, 
-52676035L, 118637440L, 538853281L, 1577827681L, 1198699108L, 
1469726622L, 1462137838L, -1797420708L, -1328116747L, 1799785283L, 
-1128517715L, 724202466L, -580905094L, -2090987926L, 2105335482L, 
411285187L, 728469417L, -850447725L, -1451319037L, -316244514L, 
1692610160L, 713629657L, 2111426240L, -808622505L, 184963448L, 
-349870098L, -88776244L, 572677122L, -724327682L, 1944080043L, 
-2107079777L, 1640671792L, -256133936L, 660109778L, -781572257L, 
-279188356L, 606322173L, -2068610030L, -1772600433L, -1076751073L, 
-943549914L, -2074904624L, 1776846237L, 1706136650L, -804153260L, 
-429905170L, 1343141715L, 1005172755L, -1289983302L, -1757631882L, 
193787091L, -436275009L, 823523842L, -474769528L, -1670763682L, 
293255424L, -1325626549L, -713185760L, -285060850L, 1059383620L, 
1010043117L, -1176900197L, -1679125105L, -86494445L, -1598145593L, 
1022720814L, 1107469493L, 985065080L, -1754907403L, -225129800L, 
2020866605L, -458018374L, 924054522L, 215435254L, -1469093001L, 
1382992941L, 1999009050L, -766645561L, 212671337L, 2005668128L, 
-2023215870L, 607740168L, -669199167L, 1847957186L, -1622332840L, 
1442539064L, 144863920L, 1115275019L, 1147473121L, -1533962111L, 
-857955728L, -1000041883L, -145470323L, 1166704366L, 1903448678L, 
-821054699L, 1912266063L, -1201769558L, -550373158L, -2031641970L, 
812574308L, 56781203L, -1907554376L, 495049853L, 1723133219L, 
-1657819720L, -1866404503L, -501527671L, 1221904527L, -1401844644L, 
-211228734L, 66646120L, 2009496847L, 1694811045L, -2058530970L, 
496635937L, -2063001785L, 1790680040L, -1427993552L, -1053355255L, 
8559086L, 169932958L, -1207670036L, -1056427240L, 1782635791L, 
1950436894L, 903985499L, 1663241563L, -1474220718L, 1382837711L, 
-1973868637L, 2118361946L, -1411870022L, 1222647849L, -1276561417L, 
1021176673L, -311142866L, -1103246736L, 1549818336L, -51069832L, 
787318115L, 1700416822L, -1697305935L, 222576771L, -1485829714L, 
1252615295L, -1123738127L, 1187987026L, 1704727908L, -1374957989L, 
-87876196L, -93619869L, -1554280231L, 558149509L, 2048850196L, 
-1095336982L, 356997668L, -46765586L, 931043031L, -1269070102L, 
1721846665L, -1765694222L, 1101139536L, -454627724L, -1213609458L, 
-485491647L, 2129378767L, 1418659193L, -515094777L, -295034467L, 
